CLs_exp_b_m1	CLs_exp_b_med	CLs_exp_b_m2	chi2	CLb_exp_s_m2	ts	CLb	CLb_exp_s_p2	CLb_exp_s_m1	CLsb	CLb_exp_s_p1	BR	CLs_exp_b_p2	CLb_exp_s_med	CLs_exp_b_p1	CLs
0.999597619048	0.999608	0.999836275262	0.0	0.977388	-0.00284740993203	0.999804	0.022502	0.840386	0.999794	0.16015	0.0001	1.01186813187	0.500198	0.9991125	0.99998999804
0.976342857143	0.938968	0.995405474546	0.0	0.981228	-1.35933072098	0.999822	0.026612	0.858232	0.999748	0.178548	0.0501	0.848791208791	0.530284	0.8908	0.999925986826
0.950942857143	0.881956	0.990280890253	0.0	0.984538	-2.59804260626	0.999822	0.030598	0.875456	0.999658	0.198014	0.1001	0.732835164835	0.560096	0.7959	0.999835970803
0.924497619048	0.815576	0.984564850345	0.0	0.986746	-3.73835367001	0.999802	0.035748	0.890142	0.999538	0.219974	0.1501	0.618373626374	0.592226	0.7032375	0.999735947718
0.901335714286	0.76758	0.978146840624	0.0	0.989146	-4.79470016412	0.99978	0.041202	0.901624	0.99941	0.240774	0.2001	0.528791208791	0.616032	0.6270875	0.999629918582
0.872264285714	0.712416	0.970400613968	0.0	0.990806	-5.77820526462	0.99981	0.04772	0.914122	0.99917	0.26347	0.2501	0.443516483516	0.644086	0.556275	0.999359878377
0.844588095238	0.662672	0.962963417754	0.0	0.992704	-6.69766981513	0.999772	0.055894	0.92463	0.999036	0.28495	0.3001	0.370285714286	0.669268	0.4892125	0.999263832154
0.817183333333	0.612916	0.954470196981	0.0	0.993736	-7.56020923915	0.999788	0.064006	0.933586	0.998784	0.308986	0.3501	0.307604395604	0.693414	0.431525	0.998995787107
0.78625	0.568504	0.944200562804	0.0	0.99498	-8.37168028199	0.999744	0.071486	0.94234	0.998428	0.333846	0.4001	0.262417582418	0.718748	0.3833	0.998683663018
0.757714285714	0.5247	0.934379125096	0.0	0.995682	-9.1369769367	0.99977	0.080418	0.94956	0.997984	0.356334	0.4501	0.223208791209	0.739938	0.342475	0.998213589125
0.730366666667	0.486032	0.924193399847	0.0	0.996342	-9.86024169401	0.999698	0.089432	0.955468	0.997532	0.381188	0.5001	0.187428571429	0.759764	0.30055	0.99783334567
0.69984047619	0.442776	0.910117165515	0.0	0.997204	-10.5450201288	0.999784	0.101904	0.961648	0.99704	0.407624	0.5501	0.158593406593	0.779396	0.2599	0.997255407168
0.669773809524	0.408468	0.898760808391	0.0	0.997674	-11.1943764682	0.999782	0.11146	0.96658	0.996246	0.43017	0.6001	0.137142857143	0.798452	0.2327625	0.996463228984
0.6407	0.375968	0.886573548222	0.0	0.997958	-11.8109816174	0.99975	0.12377	0.970586	0.995604	0.45523	0.6501	0.115516483516	0.816096	0.2039375	0.995852963241
0.609780952381	0.344696	0.871517012024	0.0	0.998328	-12.3971813145	0.999726	0.135906	0.974392	0.994616	0.48009	0.7001	0.098021978022	0.832538	0.179625	0.994888599476
0.580164285714	0.313768	0.856259913021	0.0	0.998604	-12.9550496732	0.999744	0.150208	0.977902	0.993546	0.505208	0.7501	0.0817582417582	0.84774	0.155175	0.993800412906
0.551185714286	0.286248	0.838463034024	0.0	0.998912	-13.4864317939	0.99977	0.165178	0.981342	0.992264	0.529586	0.8001	0.0671648351648	0.861824	0.1357	0.992492273223
0.523819047619	0.261304	0.823754412893	0.0	0.999114	-13.9929780714	0.999732	0.18119	0.983502	0.991102	0.552814	0.8501	0.0557362637363	0.873988	0.1183375	0.99136768654
0.497114285714	0.234976	0.806409823484	0.0	0.999262	-14.4761721076	0.999736	0.19543	0.985744	0.989318	0.577054	0.9001	0.050021978022	0.88557	0.1037375	0.989579248922
0.4698	0.21714	0.787546687132	0.0	0.999358	-14.9373536391	0.999738	0.210136	0.987844	0.987224	0.597914	0.9501	0.0392967032967	0.89707	0.09245	0.987482720473
0.443380952381	0.196172	0.769068303914	0.0	0.99946	-15.3777375317	0.999706	0.230266	0.989404	0.985392	0.62147	1.0001	0.0341978021978	0.906792	0.076725	0.985681790446
0.419769047619	0.177384	0.750559222307	0.0	0.99959	-15.7984296432	0.99973	0.24668	0.99098	0.982914	0.641436	1.0501	0.0266373626374	0.915786	0.068925	0.983179458454
0.394278571429	0.16178	0.732676387823	0.0	0.999634	-16.2004401661	0.999726	0.2646	0.992342	0.980464	0.663596	1.1001	0.0254065934066	0.924422	0.0586625	0.980732720765
0.369845238095	0.145188	0.710432335636	0.0	0.99974	-16.5846949259	0.999734	0.283666	0.993334	0.977136	0.684568	1.1501	0.0205714285714	0.932534	0.0531125	0.977395987333
0.347728571429	0.13118	0.689592223075	0.0	0.999738	-16.9520450083	0.999686	0.301324	0.994354	0.974226	0.703756	1.2001	0.019956043956	0.939506	0.04645	0.974532003049
0.326161904762	0.119684	0.66963213098	0.0	0.999812	-17.3032750086	0.999726	0.31898	0.995364	0.970034	0.721234	1.2501	0.0145054945055	0.945442	0.0403	0.970299862162
0.304347619048	0.106692	0.647883346124	0.0	0.999824	-17.6391101384	0.999682	0.337966	0.995792	0.966492	0.741728	1.3001	0.0124835164835	0.951816	0.0365625	0.966799442223
0.286530952381	0.096392	0.628203632643	0.0	0.999872	-17.9602223789	0.999716	0.360616	0.9965	0.961378	0.756788	1.3501	0.00993406593406	0.956782	0.0298875	0.961651108915
0.265014285714	0.086056	0.607652084932	0.0	0.999906	-18.2672358326	0.99968	0.380878	0.996992	0.956718	0.774932	1.4001	0.00914285714286	0.961162	0.0257875	0.957024247759
0.248680952381	0.07872	0.583670503965	0.0	0.999924	-18.5607313987	0.999706	0.400328	0.997522	0.951566	0.788906	1.4501	0.00615384615385	0.965772	0.0225125	0.951845842678
0.229364285714	0.069296	0.561929905347	0.0	0.999922	-18.8412508742	0.999686	0.422118	0.99801	0.945562	0.805964	1.5001	0.00606593406593	0.969578	0.0196	0.945858999726
0.214133333333	0.06182	0.539874136608	0.0	0.999952	-19.1093005646	0.999676	0.44211	0.99828	0.939204	0.819618	1.5501	0.0050989010989	0.973256	0.016175	0.939508400722
0.199333333333	0.056492	0.521021233052	0.0	0.99996	-19.3653544748	0.999716	0.460346	0.998462	0.93217	0.832306	1.6001	0.00518681318681	0.975964	0.0149375	0.932434811486
0.185457142857	0.050652	0.500772576106	0.0	0.999962	-19.6098571385	0.999694	0.481156	0.998694	0.925246	0.844604	1.6501	0.00263736263736	0.978696	0.012225	0.925529211939
0.171945238095	0.044728	0.478246098746	0.0	0.999962	-19.8432261354	0.999746	0.503028	0.998952	0.916556	0.856162	1.7001	0.00202197802198	0.981494	0.01125	0.916788864372
0.157445238095	0.040072	0.456372473778	0.0	0.999988	-20.0658543366	0.999722	0.52192	0.99909	0.90814	0.869766	1.7501	0.00246153846154	0.983714	0.0094125	0.908392533124
0.146861904762	0.036348	0.43626298286	0.0	0.999986	-20.2781119144	0.999732	0.540756	0.999248	0.899512	0.877878	1.8001	0.00114285714286	0.985446	0.0085625	0.89975313384
0.136580952381	0.031864	0.423320542338	0.0	0.999972	-20.4803481456	0.999688	0.56232	0.999326	0.890072	0.887172	1.8501	0.00237362637363	0.986806	0.0073625	0.890349789134
0.124369047619	0.028276	0.398966487593	0.0	0.999996	-20.672893034	0.999728	0.582096	0.99943	0.880538	0.897946	1.9001	0.00184615384615	0.988774	0.0059625	0.880777571499
0.115235714286	0.0253	0.38160552571	0.0	0.999996	-20.8560587736	0.999694	0.601098	0.999524	0.87029	0.905598	1.9501	0.000703296703297	0.990028	0.0048	0.870556390255
0.105214285714	0.02264	0.362586850857	0.0	0.999994	-21.0301410711	0.999702	0.619568	0.999598	0.858892	0.914062	2.0001	0.00167032967033	0.99125	0.004175	0.859148026112
0.0964785714286	0.019976	0.346644154515	0.0	0.999998	-21.195420345	0.999728	0.640302	0.9997	0.846774	0.921312	2.0501	0.000351648351649	0.992298	0.0036875	0.847004385193
0.0886880952381	0.017672	0.32463136352	0.0	0.999998	-21.3521628135	0.999742	0.656928	0.999756	0.835046	0.927966	2.1001	0.000967032967031	0.993372	0.0037125	0.835261497466
0.0817333333333	0.015668	0.310845740599	0.0	0.999994	-21.5006214854	0.999672	0.674488	0.999738	0.82141	0.934368	2.1501	0.000615384615383	0.993998	0.00295	0.82167951088
0.0743761904762	0.013304	0.293188027629	0.0	1.0	-21.6410370626	0.999704	0.694368	0.999818	0.80923	0.94019	2.2001	0.000351648351649	0.995006	0.0027	0.809469603002
0.0678333333333	0.011912	0.278898951138	0.0	0.999994	-21.7736387649	0.999728	0.70954	0.999854	0.795666	0.945322	2.2501	0.000527472527473	0.995528	0.0020875	0.795882480035
0.0620357142857	0.01048	0.260702993093	0.0	0.999996	-21.8986450854	0.999696	0.725106	0.999862	0.78151	0.950996	2.3001	8.79120879097e-05	0.996084	0.0017625	0.781747651286
0.0567071428571	0.00982	0.244617037606	0.0	0.999996	-22.0162644818	0.999684	0.737052	0.99988	0.765898	0.955976	2.3501	0.000175824175824	0.996594	0.0014125	0.766140100272
0.051930952381	0.00866	0.232233307751	0.0	1.0	-22.1266960121	0.999706	0.752496	0.999916	0.750446	0.95939	2.4001	0.000439560439558	0.997058	0.001425	0.750666696009
0.0470571428571	0.007528	0.22023637759	0.0	0.999996	-22.2301299192	0.99968	0.767882	0.999944	0.736752	0.963598	2.4501	0.000263736263734	0.997402	0.0011	0.736987836108
0.0433833333333	0.006732	0.206303402405	0.0	1.0	-22.3267481689	0.999708	0.781324	0.999938	0.720784	0.966746	2.5001	0.000263736263734	0.997802	0.000875	0.720994530403
0.0393452380952	0.006052	0.193688411358	0.0	1.0	-22.4167249469	0.999704	0.793834	0.999954	0.705398	0.969964	2.5501	0.0	0.99817	0.0009	0.70560685963
0.0354476190476	0.0051	0.178814018931	0.0	0.999998	-22.5002271176	0.999714	0.807734	0.999962	0.687508	0.973866	2.6001	0.000175824175824	0.998424	0.0006875	0.687704683539
0.0321976190476	0.004592	0.170279866974	0.0	1.0	-22.5774146487	0.999698	0.820454	0.999976	0.673318	0.975702	2.6501	0.0	0.99853	0.0006125	0.673521403464
0.0291857142857	0.003976	0.158375031977	0.0	1.0	-22.6484410042	0.999706	0.831306	0.999976	0.656568	0.978362	2.7001	0.0	0.998784	0.0004375	0.65676108776
0.0265952380952	0.003412	0.145739575339	0.0	1.0	-22.7134535099	0.999696	0.841968	0.999974	0.638944	0.981168	2.7501	0.000175824175824	0.999036	0.0004375	0.639138298043
0.0239380952381	0.003128	0.136566896905	0.0	1.0	-22.7725936918	0.99969	0.852308	0.99996	0.621724	0.982982	2.8001	0.000175824175824	0.999122	0.0004375	0.621916794206
0.0219357142857	0.002844	0.130521360962	0.0	1.0	-22.8259975913	0.999684	0.861258	0.999986	0.605572	0.98431	2.8501	8.79120879097e-05	0.999202	0.0004	0.605763421241
0.0198166666667	0.00244	0.121002814019	0.0	1.0	-22.873796059	0.99968	0.872486	0.999986	0.587272	0.986174	2.9001	0.0	0.999292	0.0003125	0.587459987196
0.0176880952381	0.002224	0.111924277309	0.0	1.0	-22.9161150275	0.999644	0.881136	0.999998	0.570296	0.987686	2.9501	0.0	0.999398	0.0002625	0.570499097679
0.0163095238095	0.001856	0.106171399335	0.0	1.0	-22.9530757672	0.999732	0.88723	0.999988	0.553458	0.988572	3.0001	0.0	0.999502	0.0002125	0.553606366506
0.0144047619048	0.001656	0.0973404962906	0.0	1.0	-22.9847951243	0.999684	0.897324	0.99999	0.535236	0.98992	3.0501	0.0	0.999558	0.0001375	0.535405188039
0.0134357142857	0.001396	0.0910821181888	0.0	1.0	-23.0113857439	0.99972	0.902026	0.999988	0.51828	0.991274	3.1001	0.0	0.999682	0.00015	0.518425159045
0.01195	0.001312	0.0838516244564	0.0	1.0	-23.0329562786	0.999714	0.910844	0.999994	0.501444	0.992128	3.1501	0.0	0.999706	0.000125	0.501587454012
0.0107261904762	0.000996	0.0786656433871	0.0	1.0	-23.0496115836	0.999646	0.918032	0.999994	0.485314	0.992936	3.2001	8.79120879097e-05	0.999694	5e-05	0.485485861995
0.00967857142857	0.001024	0.0723990790484	0.0	1.0	-23.0614529007	0.999712	0.92405	0.999996	0.466978	0.993752	3.2501	0.0	0.999794	0.0001125	0.467112528408
0.00869523809524	0.00082	0.0667915067792	0.0	1.0	-23.0685780295	0.999702	0.930008	1.0	0.45054	0.994418	3.3001	0.0	0.99982	5e-05	0.450674300942
0.00780476190476	0.000756	0.061413149143	0.0	1.0	-23.0710814899	0.999686	0.935046	1.0	0.433586	0.995074	3.3501	0.0	0.99985	5e-05	0.433722188767
0.00693333333333	0.00066	0.0573650550013	0.0	1.0	-23.0690546735	0.999692	0.940524	0.999998	0.417152	0.995776	3.4001	0.0	0.99987	8.74999999997e-05	0.417280522401
0.0062880952381	0.00052	0.0527541570734	0.0	1.0	-23.0625859868	0.999698	0.945516	0.999994	0.401618	0.996038	3.4501	0.0	0.999878	7.50000000001e-05	0.401739325276
0.00571904761905	0.000464	0.0492790995139	0.0	1.0	-23.0517609859	0.999656	0.949618	1.0	0.386184	0.996654	3.5001	0.0	0.999874	5e-05	0.386316893011
0.00501428571429	0.000428	0.0452494244052	0.0	1.0	-23.0366625039	0.99969	0.954266	1.0	0.369898	0.99706	3.5501	0.0	0.999904	6.24999999997e-05	0.370012703938
0.00446904761905	0.00034	0.042310565362	0.0	1.0	-23.0173707698	0.999662	0.957082	1.0	0.35561	0.997408	3.6001	0.0	0.999922	5e-05	0.35573023682
0.00417142857143	0.000364	0.0388682527501	0.0	1.0	-22.9939635227	0.999662	0.960646	0.999994	0.341164	0.997616	3.6501	0.0	0.999926	3.74999999997e-05	0.341279352421
0.00364523809524	0.00034	0.0350391404451	0.0	1.0	-22.9665161178	0.999692	0.964434	1.0	0.325642	0.997974	3.7001	0.0	0.999952	2.5e-05	0.325742328637
0.00339523809524	0.00026	0.0327858787414	0.0	1.0	-22.9351016277	0.999698	0.96727	1.0	0.31178	0.998112	3.7501	0.0	0.999966	2.5e-05	0.311874186004
0.00304285714286	0.000212	0.0295911997953	0.0	1.0	-22.8997909381	0.999712	0.970512	1.0	0.29673	0.998462	3.8001	0.0	0.99996	2.5e-05	0.296815482859
0.00259761904762	0.000236	0.0273768227168	0.0	1.0	-22.8606528381	0.999698	0.9729	1.0	0.283992	0.998614	3.8501	0.0	0.999972	1.24999999997e-05	0.284077791493
0.00235238095238	0.000184	0.0254755691993	0.0	1.0	-22.8177541063	0.99965	0.975072	1.0	0.271294	0.998662	3.9001	0.0	0.99998	0.0	0.271388986145
0.00221428571429	0.00014	0.023023791251	0.0	1.0	-22.7711595912	0.999682	0.977542	1.0	0.257488	0.998902	3.9501	0.0	0.999988	0.0	0.25756990723
0.00193095238095	0.000124	0.0210836531082	0.0	1.0	-22.7209322894	0.999688	0.97952	1.0	0.246154	0.99905	4.0001	0.0	0.99998	1.24999999997e-05	0.246230824017
0.0016119047619	0.000108	0.0193154259401	0.0	1.0	-22.6671334179	0.999674	0.981322	1.0	0.234022	0.999156	4.0501	0.0	0.999976	1.24999999997e-05	0.234098316051
0.0014380952381	0.000108	0.017518546943	0.0	1.0	-22.6098224841	0.99968	0.983112	1.0	0.222234	0.99928	4.1001	0.0	0.999986	0.0	0.222305137644
0.00142142857143	0.0001	0.0166037349706	0.0	1.0	-22.5490573514	0.999672	0.984184	1.0	0.211568	0.999302	4.1501	0.0	0.999988	0.0	0.211637417073
0.00120714285714	5.19999999999e-05	0.0147454591967	0.0	1.0	-22.4848943025	0.99967	0.986102	1.0	0.201058	0.999414	4.2001	0.0	0.99999	0.0	0.201124371042
0.00109523809524	5.19999999999e-05	0.0140475825019	0.0	1.0	-22.4173880987	0.999686	0.986862	1.0	0.190008	0.99947	4.2501	0.0	0.999992	0.0	0.190067681252
0.000959523809524	7.6e-05	0.0123878229726	0.0	1.0	-22.3465920371	0.999652	0.988266	1.0	0.180692	0.99954	4.3001	0.0	0.999992	0.0	0.180754902706
0.000861904761905	5.19999999999e-05	0.0114116142236	0.0	1.0	-22.2725580043	0.999706	0.989524	1.0	0.171666	0.999658	4.3501	0.0	1.0	1.24999999997e-05	0.171716484646
0.000702380952381	4.39999999999e-05	0.0102532617038	0.0	1.0	-22.1953365287	0.9997	0.990526	1.0	0.161354	0.999694	4.4001	0.0	0.999994	0.0	0.161402420726
0.000671428571429	4e-05	0.00946942952162	0.0	1.0	-22.1149768291	0.999678	0.991416	1.0	0.153152	0.999718	4.4501	0.0	0.999996	1.24999999997e-05	0.153201330829
0.000557142857143	4e-05	0.00851163980558	0.0	1.0	-22.0315268618	0.999678	0.992302	1.0	0.144496	0.999748	4.5001	0.0	1.0	1.24999999997e-05	0.144542542699
0.000588095238095	2.4e-05	0.00815144538245	0.0	1.0	-21.9450333655	0.999652	0.99285	1.0	0.136862	0.999752	4.5501	0.0	0.999996	0.0	0.136909644556
0.000411904761905	3.2e-05	0.00695216167818	0.0	1.0	-21.8555419043	0.999678	0.993896	1.0	0.128554	0.999824	4.6001	0.0	0.999992	0.0	0.128595407721
0.000402380952381	1.6e-05	0.00656331542594	0.0	1.0	-21.7630969078	0.99966	0.994488	1.0	0.120672	0.99985	4.6501	0.0	0.999998	1.24999999997e-05	0.120713042434
0.000361904761905	2.79999999999e-05	0.00604144282425	0.0	1.0	-21.6677417111	0.999668	0.994934	1.0	0.114022	0.999864	4.7001	0.0	1.0	0.0	0.114059867876
0.00032619047619	1.99999999999e-05	0.00539677666922	0.0	1.0	-21.5695185913	0.999668	0.99526	1.0	0.108052	0.999874	4.7501	0.0	0.999996	1.24999999997e-05	0.108087885178
0.000290476190476	2.4e-05	0.00469480685597	0.0	1.0	-21.4684688039	0.999678	0.995994	1.0	0.101424	0.999876	4.8001	0.0	0.999998	0.0	0.101456669047
0.000295238095238	1.19999999999e-05	0.00425479662318	0.0	1.0	-21.3646326164	0.999674	0.996274	1.0	0.094878	0.99989	4.8501	0.0	1.0	0.0	0.0949089403145
0.000192857142857	0.0	0.00409516500384	0.0	1.0	-21.2580493416	0.999666	0.99666	1.0	0.088988	0.999932	4.9001	0.0	1.0	0.0	0.0890177319225
0.000266666666667	3.99999999989e-06	0.00374520337682	0.0	1.0	-21.1487573685	0.999702	0.996964	1.0	0.084552	0.999912	4.9501	0.0	1.0	0.0	0.0845772040068
0.000188095238095	0.0	0.00335431056536	0.0	1.0	-21.0367941925	0.999672	0.997344	1.0	0.079022	0.99994	5.0001	0.0	1.0	0.0	0.0790479277203
0.000140476190476	3.99999999989e-06	0.00318853926836	0.0	1.0	-20.9221964441	0.999646	0.997636	1.0	0.07389	0.999958	5.0501	0.0	1.0	0.0	0.0739161663229
0.000142857142857	0.0	0.00274034279867	0.0	1.0	-20.8049999167	0.999704	0.997948	1.0	0.069192	0.999974	5.1001	0.0	1.0	0.0	0.0692124868961
0.000142857142857	3.99999999989e-06	0.00261959580455	0.0	1.0	-20.685239593	0.999676	0.998144	1.0	0.064522	0.999968	5.1501	0.0	1.0	0.0	0.0645429119035
0.000116666666667	1.6e-05	0.00232489127654	0.0	1.0	-20.5629496704	0.99971	0.998276	1.0	0.06024	0.999976	5.2001	0.0	1.0	1.24999999997e-05	0.0602574746677
0.000102380952381	3.99999999989e-06	0.00208135072909	0.0	1.0	-20.4381635852	0.999706	0.99862	1.0	0.056466	0.99997	5.2501	0.0	1.0	0.0	0.0564826058861
6.19047619048e-05	0.0	0.00186032233308	0.0	1.0	-20.3109140366	0.999684	0.998624	1.0	0.0527	0.999974	5.3001	0.0	1.0	0.0	0.0527166584641
8.33333333334e-05	0.0	0.00176618060885	0.0	1.0	-20.1812330087	0.99968	0.998804	1.0	0.049638	0.999974	5.3501	0.0	0.999998	0.0	0.0496538892446
8.09523809523e-05	3.99999999989e-06	0.00156152468662	0.0	1.0	-20.0491517922	0.999682	0.99896	1.0	0.046086	0.99998	5.4001	0.0	1.0	0.0	0.0461006600099
5.95238095238e-05	3.99999999989e-06	0.0013118444615	0.0	1.0	-19.9147010055	0.999682	0.999	1.0	0.043256	0.99998	5.4501	0.0	1.0	0.0	0.0432697597836
6.90476190476e-05	0.0	0.00117677155283	0.0	1.0	-19.7779106145	0.999698	0.99919	1.0	0.040482	0.999988	5.5001	0.0	1.0	0.0	0.0404942292572
6.42857142857e-05	8.00000000001e-06	0.00105602455871	0.0	1.0	-19.6388099519	0.999644	0.9992	1.0	0.037876	0.999986	5.5501	0.0	1.0	0.0	0.037889488658
6.19047619048e-05	8.00000000001e-06	0.000980301867485	0.0	1.0	-19.4974277357	0.99968	0.99929	1.0	0.034738	0.999988	5.6001	0.0	1.0	0.0	0.0347491197183
3.57142857143e-05	3.99999999989e-06	0.000947556919928	0.0	1.0	-19.3537920872	0.999636	0.999368	1.0	0.03265	0.999992	5.6501	0.0	1.0	0.0	0.0326618889276
4.04761904762e-05	3.99999999989e-06	0.000804297774367	0.0	1.0	-19.2079305477	0.999652	0.99945	1.0	0.03045	0.999998	5.7001	0.0	1.0	0.0	0.0304606002889
4.04761904762e-05	0.0	0.000769506267588	0.0	1.0	-19.059870096	0.999676	0.99954	1.0	0.028228	0.999994	5.7501	0.0	1.0	0.0	0.0282371488362
1.42857142857e-05	0.0	0.000644666155027	0.0	1.0	-18.9096371631	0.999672	0.999598	1.0	0.02571	0.999996	5.8001	0.0	1.0	0.0	0.0257184356469
2.85714285715e-05	0.0	0.00061192120747	0.0	1.0	-18.7572576488	0.99964	0.999606	1.0	0.024374	0.999996	5.8501	0.0	1.0	0.0	0.0243827778
1.19047619047e-05	0.0	0.000530058838578	0.0	1.0	-18.6027569356	0.99964	0.999654	1.0	0.02221	1.0	5.9001	0.0	1.0	0.0	0.0222179984795
1.66666666666e-05	0.0	0.000489127654131	0.0	1.0	-18.4461599036	0.999658	0.999722	1.0	0.020926	1.0	5.9501	0.0	1.0	0.0	0.0209331591404
7.1428571428e-06	0.0	0.000378613456127	0.0	1.0	-18.2874909438	0.99968	0.999764	1.0	0.01878	0.999998	6.0001	0.0	1.0	0.0	0.0187860115237
9.52380952382e-06	0.0	0.000394985929905	0.0	1.0	-18.1267739718	0.999694	0.999804	1.0	0.01801	0.999996	6.0501	0.0	1.0	0.0	0.0180155127469
9.52380952382e-06	0.0	0.000378613456127	0.0	1.0	-17.9640324405	0.999652	0.999812	1.0	0.01671	0.999994	6.1001	0.0	1.0	0.0	0.0167158171044
1.66666666666e-05	0.0	0.000337682271681	0.0	1.0	-17.7992893527	0.999684	0.999836	1.0	0.015224	1.0	6.1501	0.0	1.0	0.0	0.0152288123047
9.52380952382e-06	0.0	0.000284471731901	0.0	1.0	-17.6325672725	0.999632	0.999832	1.0	0.01433	0.999998	6.2001	0.0	1.0	0.0	0.0143352753813
4.76190476191e-06	0.0	0.000276285495012	0.0	1.0	-17.4638883376	0.999634	0.999848	1.0	0.01307	1.0	6.2501	0.0	1.0	0.0	0.0130747853714
1.42857142857e-05	0.0	0.000214888718342	0.0	1.0	-17.2932742702	0.999662	0.999892	1.0	0.01235	1.0	6.3001	0.0	1.0	0.0	0.0123541757114
4.76190476191e-06	0.0	0.000225121514454	0.0	1.0	-17.1207463875	0.999622	0.999898	1.0	0.0115	0.999996	6.3501	0.0	1.0	0.0	0.0115043486438
4.76190476191e-06	0.0	0.000184190330008	0.0	1.0	-16.9463256127	0.999654	0.999898	1.0	0.010296	1.0	6.4001	0.0	1.0	0.0	0.010299563649
4.76190476191e-06	0.0	0.000139166027117	0.0	1.0	-16.7700324849	0.99964	0.9999	1.0	0.009732	1.0	6.4501	0.0	1.0	0.0	0.00973550478172
2.38095238089e-06	0.0	0.000147352264006	0.0	1.0	-16.5918871685	0.999644	0.999918	1.0	0.008976	1.0	6.5001	0.0	1.0	0.0	0.00897919659399
2.38095238089e-06	0.0	0.000135072908672	0.0	1.0	-16.4119094633	0.999666	0.999942	1.0	0.008046	1.0	6.5501	0.0	1.0	0.0	0.00804868826188
4.76190476191e-06	0.0	0.000120746994116	0.0	1.0	-16.2301188133	0.999654	0.999954	1.0	0.007592	1.0	6.6001	0.0	1.0	0.0	0.0075946277412
0.0	0.0	9.61882834485e-05	0.0	1.0	-16.0465343155	0.999648	0.99995	1.0	0.007134	0.999998	6.6501	0.0	1.0	0.0	0.00713651205224
2.38095238089e-06	0.0	0.000104374520338	0.0	1.0	-15.8611747289	0.999644	0.999968	1.0	0.00662	1.0	6.7001	0.0	1.0	0.0	0.00662235755929
4.76190476191e-06	0.0	0.000102327961115	0.0	1.0	-15.6740584821	0.999658	0.999956	1.0	0.005926	1.0	6.7501	0.0	1.0	0.0	0.00592802738537
2.38095238089e-06	0.0	7.981580967e-05	0.0	1.0	-15.4852036821	0.999662	0.99996	1.0	0.0054	1.0	6.8001	0.0	1.0	0.0	0.00540182581713
0.0	0.0	7.16295727808e-05	0.0	1.0	-15.2946281218	0.999666	0.999978	1.0	0.005112	1.0	6.8501	0.0	1.0	0.0	0.00511370797846
2.38095238089e-06	0.0	6.34433358915e-05	0.0	1.0	-15.1023492873	0.999678	0.99998	1.0	0.004716	1.0	6.9001	0.0	1.0	0.0	0.00471751904113
2.38095238089e-06	0.0	5.321053978e-05	0.0	1.0	-14.9083843656	0.999648	0.999986	1.0	0.00444	1.0	6.9501	0.0	1.0	0.0	0.00444156343033
0.0	0.0	3.68380660016e-05	0.0	1.0	-14.7127502517	0.999646	0.999974	1.0	0.003952	1.0	7.0001	0.0	1.0	0.0	0.00395339950342
0.0	0.0	4.50243028908e-05	0.0	1.0	-14.5154635552	0.99965	0.99999	1.0	0.003562	1.0	7.0501	0.0	1.0	0.0	0.0035632471365
2.38095238089e-06	0.0	5.321053978e-05	0.0	1.0	-14.3165406072	0.999646	0.999976	1.0	0.00341	1.0	7.1001	0.0	1.0	0.0	0.00341120756748
2.38095238089e-06	0.0	3.88846252238e-05	0.0	1.0	-14.1159974668	0.999692	0.999992	1.0	0.003022	1.0	7.1501	0.0	1.0	0.0	0.00302293106277
2.38095238089e-06	0.0	4.09311844462e-05	0.0	1.0	-13.9138499273	0.99967	0.99999	1.0	0.002902	1.0	7.2001	0.0	1.0	0.0	0.00290295797613
2.38095238089e-06	0.0	3.06983883346e-05	0.0	1.0	-13.7101135223	0.999678	0.999988	1.0	0.002532	1.0	7.2501	0.0	1.0	0.0	0.00253281556661
0.0	0.0	2.660526989e-05	0.0	1.0	-13.5048035318	0.99965	0.999992	1.0	0.002446	1.0	7.3001	0.0	1.0	0.0	0.00244685639974
2.38095238089e-06	0.0	3.47915067792e-05	0.0	1.0	-13.2979349876	0.999694	0.999996	1.0	0.002284	1.0	7.3501	0.0	1.0	0.0	0.00228469911793
0.0	0.0	1.43259145561e-05	0.0	1.0	-13.0895226794	0.999696	0.999998	1.0	0.001986	1.0	7.4001	0.0	1.0	0.0	0.00198660392759
0.0	0.0	2.04655922231e-05	0.0	1.0	-12.8795811598	0.999592	1.0	1.0	0.001836	1.0	7.4501	0.0	1.0	0.0	0.00183674939375
0.0	0.0	2.04655922225e-06	0.0	1.0	-12.6681247496	0.999674	1.0	1.0	0.001742	1.0	7.5001	0.0	1.0	0.0	0.00174256807719
0.0	0.0	2.04655922231e-05	0.0	1.0	-12.4551675433	0.999684	0.999998	1.0	0.001522	1.0	7.5501	0.0	1.0	0.0	0.00152248110403
0.0	0.0	6.13967766687e-06	0.0	1.0	-12.2407234135	0.999632	0.999998	1.0	0.001354	1.0	7.6001	0.0	1.0	0.0	0.00135449845543
0.0	0.0	1.02327961115e-05	0.0	1.0	-12.0248060165	0.999646	0.999998	1.0	0.001176	1.0	7.6501	0.0	1.0	0.0	0.00117641645142
0.0	0.0	1.22793553339e-05	0.0	1.0	-11.8074287961	0.999676	1.0	1.0	0.00119	1.0	7.7001	0.0	1.0	0.0	0.00119038568496
0.0	0.0	1.02327961115e-05	0.0	1.0	-11.5886049889	0.999658	0.999998	1.0	0.001208	1.0	7.7501	0.0	1.0	0.0	0.00120841327734
0.0	0.0	1.02327961115e-05	0.0	1.0	-11.3683476286	0.999716	0.999998	1.0	0.000958	1.0	7.8001	0.0	1.0	0.0	0.00095827214929
0.0	0.0	4.09311844462e-06	0.0	1.0	-11.1466695499	0.999654	1.0	1.0	0.000946	1.0	7.8501	0.0	1.0	0.0	0.000946327429291
0.0	0.0	6.13967766687e-06	0.0	1.0	-10.9235833933	0.999666	1.0	1.0	0.000894	1.0	7.9001	0.0	1.0	0.0	0.000894298695764
0.0	0.0	1.02327961115e-05	0.0	1.0	-10.6991016088	0.99966	0.999998	1.0	0.000784	1.0	7.9501	0.0	1.0	0.0	0.000784266650661
0.0	0.0	8.18623688924e-06	0.0	1.0	-10.4732364601	0.999708	0.999998	1.0	0.00069	1.0	8.0001	0.0	1.0	0.0	0.000690201538849
0.0	0.0	6.13967766687e-06	0.0	1.0	-10.2460000283	0.999634	1.0	1.0	0.000628	1.0	8.0501	0.0	1.0	0.0	0.000628229932155
0.0	0.0	6.13967766687e-06	0.0	1.0	-10.0174042158	0.999654	1.0	1.0	0.000556	1.0	8.1001	0.0	1.0	0.0	0.000556192442585
0.0	0.0	4.09311844462e-06	0.0	1.0	-9.78746074992	0.999646	1.0	1.0	0.00048	1.0	8.1501	0.0	1.0	0.0	0.000480169980173
0.0	0.0	4.09311844462e-06	0.0	1.0	-9.55618118664	0.999682	0.999996	1.0	0.000474	1.0	8.2001	0.0	1.0	0.0	0.000474150779948
0.0	0.0	8.18623688924e-06	0.0	1.0	-9.32357691384	0.999648	1.0	1.0	0.000438	1.0	8.2501	0.0	1.0	0.0	0.000438154230289
0.0	0.0	1.02327961115e-05	0.0	1.0	-9.08965915484	0.999646	1.0	1.0	0.000408	1.0	8.3001	0.0	1.0	0.0	0.000408144483147
0.0	0.0	2.04655922225e-06	0.0	1.0	-8.85443897167	0.999574	1.0	1.0	0.000378	1.0	8.3501	0.0	1.0	0.0	0.000378161096627
0.0	0.0	4.09311844462e-06	0.0	1.0	-8.61792726834	0.99965	1.0	1.0	0.000372	1.0	8.4001	0.0	1.0	0.0	0.000372130245586
0.0	0.0	0.0	0.0	1.0	-8.38013479392	0.99964	1.0	1.0	0.000324	1.0	8.4501	0.0	1.0	0.0	0.000324116682006
0.0	0.0	4.09311844462e-06	0.0	1.0	-8.14107214564	0.999702	1.0	1.0	0.00028	1.0	8.5001	0.0	1.0	0.0	0.000280083464872
0.0	0.0	2.04655922225e-06	0.0	1.0	-7.9007497719	0.999642	1.0	1.0	0.00026	1.0	8.5501	0.0	1.0	0.0	0.000260093113335
0.0	0.0	0.0	0.0	1.0	-7.6591779751	0.999646	1.0	1.0	0.000238	1.0	8.6001	0.0	1.0	0.0	0.000238084281836
0.0	0.0	0.0	0.0	1.0	-7.41636691455	0.999702	1.0	1.0	0.000262	1.0	8.6501	0.0	1.0	0.0	0.000262078099274
0.0	0.0	4.09311844462e-06	0.0	1.0	-7.17232660924	0.999678	1.0	1.0	0.000218	1.0	8.7001	0.0	1.0	0.0	0.00021807021861
0.0	0.0	0.0	0.0	1.0	-6.92706694047	0.999644	1.0	1.0	0.00016	1.0	8.7501	0.0	1.0	0.0	0.000160056980285
0.0	0.0	0.0	0.0	1.0	-6.68059765455	0.999604	1.0	1.0	0.00014	1.0	8.8001	0.0	1.0	0.0	0.000140055461963
0.0	0.0	4.09311844462e-06	0.0	1.0	-6.43292836536	0.99965	1.0	1.0	0.000158	1.0	8.8501	0.0	1.0	0.0	0.000158055319362
0.0	0.0	0.0	0.0	1.0	-6.18406855681	0.999614	1.0	1.0	0.000142	1.0	8.9001	0.0	1.0	0.0	0.000142054833166
0.0	0.0	0.0	0.0	1.0	-5.93402758534	0.999648	1.0	1.0	0.000146	1.0	8.9501	0.0	1.0	0.0	0.000146051410096
0.0	0.0	2.04655922225e-06	0.0	1.0	-5.6828146823	0.999664	1.0	1.0	0.000104	1.0	9.0001	0.0	1.0	0.0	0.000104034955745
0.0	0.0	0.0	0.0	1.0	-5.43043895623	0.999602	1.0	1.0	0.000106	1.0	9.0501	0.0	1.0	0.0	0.000106042204798
0.0	0.0	0.0	0.0	1.0	-5.17690939521	0.999652	1.0	1.0	5.99999999999e-05	1.0	9.1001	0.0	1.0	0.0	6.00208872687e-05
0.0	0.0	0.0	0.0	1.0	-4.92223486901	0.999652	1.0	1.0	9.4e-05	1.0	9.1501	0.0	1.0	0.0	9.40327233878e-05
0.0	0.0	0.0	0.0	1.0	-4.66642413133	0.999614	1.0	1.0	7.4e-05	1.0	9.2001	0.0	1.0	0.0	7.402857503e-05
0.0	0.0	0.0	0.0	1.0	-4.40948582184	0.999668	1.0	1.0	7.2e-05	1.0	9.2501	0.0	1.0	0.0	7.20239119387e-05
0.0	0.0	0.0	0.0	1.0	-4.15142846831	0.999584	1.0	1.0	7e-05	1.0	9.3001	0.0	1.0	0.0	7.0029132119e-05
0.0	0.0	0.0	0.0	1.0	-3.89226048862	0.999678	1.0	1.0	5e-05	1.0	9.3501	0.0	1.0	0.0	5.00161051859e-05
0.0	0.0	0.0	0.0	1.0	-3.63199019271	0.999684	1.0	1.0	4.8e-05	1.0	9.4001	0.0	1.0	0.0	4.80151727947e-05
0.0	0.0	0.0	0.0	1.0	-3.37062578452	0.999666	1.0	1.0	5e-05	1.0	9.4501	0.0	1.0	0.0	5.00167055797e-05
0.0	0.0	0.0	0.0	1.0	-3.10817536388	0.99964	1.0	1.0	3.8e-05	1.0	9.5001	0.0	1.0	0.0	3.80136849266e-05
0.0	0.0	0.0	0.0	1.0	-2.84464692838	0.999638	1.0	1.0	3.6e-05	1.0	9.5501	0.0	1.0	0.0	3.60130367193e-05
0.0	0.0	0.0	0.0	1.0	-2.58004837509	0.999628	1.0	1.0	4.2e-05	1.0	9.6001	0.0	1.0	0.0	4.20156298143e-05
0.0	0.0	0.0	0.0	1.0	-2.31438750243	0.999632	1.0	1.0	4e-05	1.0	9.6501	0.0	1.0	0.0	4.0014725419e-05
0.0	0.0	0.0	0.0	1.0	-2.04767201179	0.999596	1.0	1.0	3.2e-05	1.0	9.7001	0.0	1.0	0.0	3.20129332251e-05
0.0	0.0	0.0	0.0	1.0	-1.77990950927	0.999608	1.0	1.0	2.2e-05	1.0	9.7501	0.0	1.0	0.0	2.20086273819e-05
0.0	0.0	0.0	0.0	1.0	-1.51110750732	0.999624	1.0	1.0	1.4e-05	1.0	9.8001	0.0	1.0	0.0	1.400526598e-05
0.0	0.0	0.0	0.0	1.0	-1.24127342632	0.999648	1.0	1.0	2.2e-05	1.0	9.8501	0.0	1.0	0.0	2.20077467268e-05
0.0	0.0	0.0	0.0	1.0	-0.970414596213	0.99967	1.0	1.0	2.8e-05	1.0	9.9001	0.0	1.0	0.0	2.80092430502e-05
0.0	0.0	0.0	0.0	1.0	-0.698538257961	0.999678	1.0	1.0	2.8e-05	1.0	9.9501	0.0	1.0	0.0	2.80090189041e-05
