br	cls	clb	clsb	CLs_exp_b_med	CLs_exp_b_p1	CLs_exp_b_p2	CLs_exp_b_m1	CLs_exp_b_m2	CLb_exp_s_med	CLb_exp_s_p1	CLb_exp_s_p2	CLb_exp_s_m1	CLb_exp_s_m2
5e-08	0.282090773663	0.455793	0.128575	0.30432	0.1457	0.0659340659341	0.563905952381	0.835629572781	0.85612	0.513861	0.15746	0.981906	0.999165
5.09803921569e-08	0.272132603162	0.457244	0.124431	0.29428	0.14005625	0.0632527472527	0.553547619048	0.829899206958	0.861141	0.522153	0.161551	0.982883	0.999158
5.19607843137e-08	0.263803680982	0.456237	0.120357	0.285908	0.1335	0.0608351648352	0.542167857143	0.824088002047	0.866579	0.530554	0.166833	0.983805	0.99925
5.29411764706e-08	0.255278462297	0.456525	0.116541	0.277338	0.12894375	0.0571428571429	0.533586904762	0.818755691993	0.870852	0.538204	0.170643	0.984659	0.999296
5.39215686275e-08	0.247073991081	0.456082	0.112686	0.268996	0.12175	0.0512967032967	0.5245	0.812484011256	0.874962	0.54606	0.177297	0.985465	0.999363
5.49019607843e-08	0.238928794675	0.455935	0.108936	0.260612	0.11565	0.0487472527473	0.515897619048	0.806141724226	0.878658	0.554365	0.182507	0.98617	0.999437
5.58823529412e-08	0.231302603367	0.456601	0.105613	0.252308	0.11120625	0.048043956044	0.506807142857	0.800678434382	0.88273	0.561697	0.186871	0.986941	0.999463
5.6862745098e-08	0.224221392681	0.456745	0.102412	0.244786	0.10683125	0.0456263736264	0.498444047619	0.795494499872	0.886342	0.56963	0.191258	0.987474	0.999494
5.78431372549e-08	0.217792481018	0.455833	0.099277	0.238654	0.10245625	0.0451428571429	0.489385714286	0.790195958046	0.890262	0.576191	0.196396	0.987963	0.999557
5.88235294118e-08	0.211527786006	0.455751	0.096404	0.231804	0.0975625	0.0398681318681	0.48078452381	0.783504732668	0.893983	0.583413	0.201187	0.988672	0.999523
5.98039215686e-08	0.204263305838	0.456078	0.09316	0.224414	0.0931375	0.0353846153846	0.473120238095	0.777770273727	0.897219	0.590893	0.207998	0.989362	0.999599
6.07843137255e-08	0.196859625478	0.456315	0.08983	0.216488	0.088075	0.0344175824176	0.463672619048	0.77170938859	0.900816	0.599768	0.213438	0.989946	0.999595
6.17647058824e-08	0.190282983939	0.456457	0.086856	0.209846	0.08520625	0.0314285714286	0.455363095238	0.76502737273	0.903963	0.60677	0.218456	0.990401	0.999635
6.27450980392e-08	0.185801534779	0.454528	0.084452	0.20535	0.0822875	0.0316483516484	0.446767857143	0.758677922742	0.907213	0.6121	0.221326	0.990923	0.999723
6.37254901961e-08	0.178550584725	0.45577	0.081378	0.197434	0.0787375	0.0295384615385	0.437282142857	0.752032744948	0.910989	0.62067	0.228726	0.991308	0.999696
6.47058823529e-08	0.17182172083	0.455443	0.078255	0.190262	0.07414375	0.028	0.429996428571	0.745255564083	0.914649	0.627655	0.23545	0.991754	0.999731
6.56862745098e-08	0.166135911413	0.455326	0.075646	0.184306	0.07175625	0.028043956044	0.42126547619	0.738333077513	0.916814	0.635498	0.240149	0.992209	0.999724
6.66666666667e-08	0.16053391291	0.455505	0.073124	0.178358	0.06768125	0.0243956043956	0.411844047619	0.73063085188	0.920234	0.64319	0.246186	0.992849	0.999764
6.76470588235e-08	0.155200014073	0.454768	0.07058	0.172744	0.0649	0.0221978021978	0.404470238095	0.724906625735	0.922966	0.650506	0.253134	0.993173	0.999784
6.86274509804e-08	0.15072079274	0.455332	0.068628	0.16786	0.06129375	0.0227692307692	0.39530952381	0.716334612433	0.92654	0.657789	0.257359	0.993692	0.999821
6.96078431373e-08	0.144748750856	0.454111	0.065732	0.162244	0.05956875	0.0198681318681	0.389248809524	0.710749552315	0.928619	0.663721	0.26285	0.993956	0.999824
7.05882352941e-08	0.140761023885	0.454309	0.063949	0.157866	0.0568625	0.0185934065934	0.380960714286	0.705009976976	0.931121	0.66966	0.269593	0.994349	0.999823
7.1568627451e-08	0.136100439168	0.454723	0.061888	0.152316	0.05428125	0.0195164835165	0.373669047619	0.697791762599	0.933527	0.676848	0.275403	0.994594	0.999848
7.25490196078e-08	0.13195145834	0.454455	0.059966	0.148232	0.0525875	0.0180659340659	0.366269047619	0.690114095677	0.936091	0.683402	0.280644	0.995096	0.999853
7.35294117647e-08	0.126101994357	0.455084	0.057387	0.141706	0.04955	0.0168351648352	0.358538095238	0.684958812996	0.938238	0.690734	0.288177	0.995053	0.999882
7.45098039216e-08	0.121820539305	0.45503	0.055432	0.13711	0.04715	0.0164835164835	0.349380952381	0.677885904323	0.941004	0.697218	0.294592	0.995394	0.999867
7.54901960784e-08	0.116937649099	0.454396	0.053136	0.13191	0.0453375	0.0156043956044	0.34258452381	0.669954464057	0.943116	0.704767	0.301397	0.995601	0.999874
7.64705882353e-08	0.114762299345	0.453764	0.052075	0.129522	0.0433	0.016043956044	0.336708333333	0.663801483755	0.945105	0.708616	0.305139	0.995892	0.99989
7.74509803922e-08	0.110058947988	0.455147	0.050093	0.123946	0.0418125	0.0132307692308	0.328433333333	0.654977743668	0.947799	0.716211	0.310771	0.996258	0.999903
7.8431372549e-08	0.105761695383	0.455543	0.048179	0.119434	0.0387625	0.0115604395604	0.320639285714	0.648193399847	0.949446	0.722911	0.319969	0.996456	0.999907
7.94117647059e-08	0.102304194126	0.454302	0.046477	0.11656	0.03688125	0.0116923076923	0.315276190476	0.640833972883	0.951715	0.728868	0.325371	0.996634	0.999914
8.03921568627e-08	0.0990074818567	0.454299	0.044979	0.112294	0.03530625	0.0106373626374	0.307464285714	0.635103607061	0.953417	0.735902	0.331249	0.996847	0.999914
8.13725490196e-08	0.0949881972806	0.453709	0.043097	0.10813	0.0343375	0.0109450549451	0.300327380952	0.62705346636	0.955145	0.741531	0.338929	0.99707	0.999947
8.23529411765e-08	0.0920627580512	0.454125	0.041808	0.104846	0.03265	0.0100659340659	0.293764285714	0.619813763111	0.957005	0.747089	0.34448	0.997229	0.999924
8.33333333333e-08	0.0885304872545	0.454239	0.040214	0.100824	0.03125625	0.00927472527472	0.287376190476	0.611797390637	0.959111	0.752811	0.351047	0.997332	0.999934
8.43137254902e-08	0.0843672511269	0.453695	0.038277	0.096888	0.02925	0.00861538461538	0.280469047619	0.604560757227	0.960815	0.758843	0.360046	0.997541	0.999938
8.52941176471e-08	0.0819656941151	0.453275	0.037153	0.094066	0.0285	0.008	0.272876190476	0.597048861601	0.962553	0.764797	0.365114	0.997734	0.999959
8.62745098039e-08	0.0784640663425	0.453405	0.035576	0.090434	0.02658125	0.00742857142857	0.267438095238	0.589888974162	0.963837	0.770216	0.373822	0.997839	0.999952
8.72549019608e-08	0.0761841925248	0.453178	0.034525	0.088062	0.0249125	0.00628571428571	0.26134047619	0.583004348938	0.965166	0.776409	0.37792	0.997917	0.999964
8.82352941176e-08	0.0732924892217	0.453921	0.033269	0.08428	0.02383125	0.00720879120879	0.25623452381	0.575410590944	0.966736	0.781426	0.3852	0.998092	0.99996
8.92156862745e-08	0.0705682785761	0.453334	0.031991	0.081572	0.02385	0.00773626373626	0.250667857143	0.569580966999	0.967848	0.785869	0.392788	0.998171	0.999975
9.01960784314e-08	0.0677037555924	0.453963	0.030735	0.07816	0.02196875	0.00685714285714	0.243579761905	0.560677411103	0.969457	0.792758	0.399496	0.998261	0.999963
9.11764705882e-08	0.0647094398926	0.453056	0.029317	0.07495	0.02029375	0.00505494505494	0.237583333333	0.554627782041	0.970584	0.797746	0.407534	0.998414	0.999976
9.21568627451e-08	0.0624183957936	0.453408	0.028301	0.07189	0.01990625	0.00610989010989	0.232167857143	0.54494755692	0.972142	0.802205	0.414518	0.998614	0.999977
9.3137254902e-08	0.0604749524232	0.453477	0.027424	0.070016	0.01919375	0.00536263736264	0.226814285714	0.537554361729	0.973292	0.807466	0.419671	0.998643	0.999979
9.41176470588e-08	0.0575240179876	0.453202	0.02607	0.066778	0.0176	0.00413186813187	0.221626190476	0.53231517012	0.974215	0.81195	0.42806	0.998613	0.999979
9.50980392157e-08	0.0562430392278	0.452536	0.025452	0.065328	0.01760625	0.00430769230769	0.215696428571	0.523730877462	0.975521	0.817156	0.431988	0.998812	0.999979
9.60784313725e-08	0.0537526294204	0.453522	0.024378	0.06234	0.0167875	0.00443956043956	0.210013095238	0.516490150934	0.976554	0.822249	0.441468	0.998832	0.999978
9.70588235294e-08	0.0519910186905	0.453386	0.023572	0.060686	0.01595625	0.00391208791209	0.205060714286	0.509226912254	0.977568	0.826774	0.447083	0.998927	0.999984
9.80392156863e-08	0.049533228845	0.452363	0.022407	0.05827	0.0143625	0.00386813186813	0.200558333333	0.50139473011	0.978715	0.830842	0.454961	0.998981	0.999989
9.90196078431e-08	0.0476769723121	0.452147	0.021557	0.056442	0.0138625	0.00320879120879	0.194980952381	0.495187515989	0.979484	0.835919	0.460979	0.999047	0.999992
1e-07	0.0460352227975	0.45198	0.020807	0.054232	0.0137375	0.00254945054945	0.189216666667	0.488437963674	0.980223	0.841016	0.467983	0.999067	0.999994
1.00980392157e-07	0.0440014411483	0.452417	0.019907	0.052176	0.012475	0.00285714285714	0.184867857143	0.481233051931	0.981077	0.845063	0.475847	0.999167	0.99999
1.01960784314e-07	0.0423104118791	0.45256	0.019148	0.049738	0.01248125	0.00347252747253	0.17993452381	0.474243028908	0.981977	0.849389	0.483847	0.999229	0.999991
1.02941176471e-07	0.0406347536229	0.452396	0.018383	0.048026	0.012075	0.00237362637363	0.176528571429	0.468125863392	0.982763	0.852754	0.489912	0.999234	0.999991
1.03921568627e-07	0.0395711613054	0.452198	0.017894	0.046548	0.0116125	0.00276923076923	0.171680952381	0.461824507547	0.98351	0.856917	0.495678	0.999284	0.999982
1.04901960784e-07	0.0376913311932	0.451377	0.017013	0.044636	0.01075625	0.00281318681318	0.166120238095	0.452569966743	0.984444	0.861662	0.503694	0.999398	0.999995
1.05882352941e-07	0.03639987598	0.45154	0.016436	0.043166	0.00966875	0.00197802197802	0.16251547619	0.447047326682	0.985159	0.865451	0.509258	0.9994	0.999996
1.06862745098e-07	0.0346843335931	0.451616	0.015664	0.041684	0.0090625	0.00215384615384	0.159013095238	0.440059350217	0.985767	0.868226	0.516151	0.99945	0.999996
1.07843137255e-07	0.0330506131747	0.452155	0.014944	0.039628	0.00885	0.00162637362637	0.153545238095	0.430218470197	0.986776	0.873153	0.525195	0.999476	0.999997
1.08823529412e-07	0.0319917326476	0.451898	0.014457	0.038422	0.00878125	0.00145054945055	0.148742857143	0.424477871578	0.987204	0.877083	0.530538	0.999512	0.999996
1.09803921569e-07	0.0308577730143	0.451588	0.013935	0.037106	0.0078625	0.00153846153846	0.144730952381	0.418591967255	0.987698	0.880712	0.537326	0.999554	0.999996
1.10784313725e-07	0.0297572608958	0.451184	0.013426	0.035992	0.00770625	0.00158241758242	0.141594047619	0.410731133282	0.988503	0.884567	0.542556	0.999554	0.999996
1.11764705882e-07	0.0283448373886	0.450276	0.012763	0.034574	0.0073875	0.00171428571429	0.137303571429	0.403902788437	0.989079	0.887343	0.548525	0.999625	0.999999
1.12745098039e-07	0.0272121346324	0.4516	0.012289	0.032768	0.0070125	0.0010989010989	0.134017857143	0.396596572013	0.989611	0.890878	0.557406	0.999621	0.999995
1.13725490196e-07	0.026174760037	0.451007	0.011805	0.031826	0.00685	0.00118681318681	0.130292857143	0.391462778204	0.99002	0.894102	0.563151	0.999644	0.999995
1.14705882353e-07	0.0247913691117	0.450197	0.011161	0.030286	0.006275	0.000967032967031	0.126372619048	0.383768738808	0.990519	0.897673	0.571035	0.999681	0.999995
1.1568627451e-07	0.0241153249215	0.451663	0.010892	0.029182	0.00595	0.000835164835164	0.12275952381	0.377479662318	0.990926	0.900632	0.578312	0.999724	0.999999
1.16666666667e-07	0.0233500960247	0.450405	0.010517	0.028144	0.00598125	0.00140659340659	0.119841666667	0.370436428754	0.991453	0.903254	0.583843	0.999702	0.999994
1.17647058824e-07	0.0219939593118	0.450942	0.009918	0.026828	0.0055125	0.00101098901099	0.116148809524	0.36623688923	0.991684	0.906214	0.591481	0.999738	0.999995
1.1862745098e-07	0.0212196996282	0.450242	0.009554	0.025948	0.00533125	0.000747252747255	0.113321428571	0.359590688156	0.992087	0.908893	0.597756	0.999755	0.999995
1.19607843137e-07	0.02078540385	0.450749	0.009369	0.02505	0.0051875	0.000923076923079	0.109176190476	0.350545919673	0.992593	0.91277	0.604063	0.999819	0.999999
1.20588235294e-07	0.0192958406743	0.450097	0.008685	0.023596	0.004525	0.000923076923079	0.106367857143	0.345953440778	0.992979	0.915027	0.611976	0.9998	0.999995
1.21568627451e-07	0.0182562347015	0.451024	0.008234	0.022382	0.0040375	0.0010989010989	0.102716666667	0.337979022768	0.993351	0.918618	0.619851	0.99981	0.999997
1.22549019608e-07	0.0173844198873	0.450921	0.007839	0.02138	0.00429375	0.000967032967031	0.100396428571	0.333116398056	0.993661	0.920155	0.628169	0.999837	0.999998
1.23529411765e-07	0.0168630439888	0.451342	0.007611	0.020802	0.004	0.000747252747255	0.0966	0.326863136352	0.993905	0.923479	0.631757	0.999846	0.999999
1.24509803922e-07	0.0165685672005	0.450733	0.007468	0.020354	0.003775	0.000527472527473	0.095219047619	0.321040675365	0.994358	0.925469	0.635713	0.999834	0.999997
1.25490196078e-07	0.0159057848894	0.450968	0.007173	0.019382	0.00355	0.000395604395606	0.0918892857143	0.315256075723	0.99462	0.928198	0.642599	0.999846	0.999999
1.26470588235e-07	0.0153011746065	0.450619	0.006895	0.018676	0.003875	0.000527472527473	0.0886535714286	0.307582501919	0.994885	0.931097	0.649492	0.99986	1.0
1.27450980392e-07	0.0142641692154	0.450219	0.006422	0.017556	0.00338125	0.000483516483516	0.0860214285714	0.303971348171	0.995191	0.933281	0.657571	0.999881	0.999999
1.28431372549e-07	0.0135589685333	0.450698	0.006111	0.016818	0.00294375	0.000351648351649	0.0835071428571	0.297020209772	0.99537	0.935813	0.665405	0.999869	1.0
1.29411764706e-07	0.0128557616439	0.449915	0.005784	0.015912	0.0026625	0.000307692307691	0.0809488095238	0.292540291635	0.995462	0.937508	0.670426	0.999886	1.0
1.30392156863e-07	0.0124264994991	0.450167	0.005594	0.01544	0.0028375	0.000395604395606	0.0784226190476	0.284972115631	0.995894	0.939776	0.675569	0.999895	0.999999
1.3137254902e-07	0.012117349781	0.448778	0.005438	0.015274	0.00285	0.000307692307691	0.0766892857143	0.281017139933	0.996102	0.941567	0.680881	0.999916	1.0
1.32352941176e-07	0.011527941036	0.450037	0.005188	0.014334	0.00264375	0.000483516483516	0.073644047619	0.273551291891	0.996351	0.944087	0.690572	0.99993	1.0
1.33333333333e-07	0.0110775450365	0.45019	0.004987	0.013754	0.00249375	0.000395604395606	0.0720583333333	0.269273983116	0.996486	0.945448	0.692952	0.999919	1.0
1.3431372549e-07	0.0106276888497	0.450239	0.004785	0.013226	0.00206875	0.000263736263734	0.069625	0.265469429522	0.996594	0.947229	0.699489	0.999921	0.999998
1.35294117647e-07	0.00996085060948	0.44956	0.004478	0.012562	0.002075	0.000263736263734	0.0679928571429	0.259192632387	0.996747	0.949178	0.705315	0.999929	1.0
1.36274509804e-07	0.00960663318327	0.449377	0.004317	0.0122	0.0018125	0.000351648351649	0.0655702380952	0.253796878997	0.996991	0.951505	0.711104	0.999943	1.0
1.37254901961e-07	0.00922299853144	0.44942	0.004145	0.011708	0.00200625	0.000219780219782	0.0635821428571	0.248153491942	0.99711	0.953116	0.715525	0.999938	1.0
