0.0    26.6034818326   38.017326793    54.8409034736
0.1    22.5053666789   32.4436967463   46.9697017529
0.2    19.7923933691   28.2313382706   40.7967447287
0.3    17.3516748484   25.1444723611   36.4195146548
0.4    16.1337774539   22.7594431942   32.8532108535

0.5    14.9219285907   20.9807428049   30.6191562555
0.52   14.668084103    20.7354356234   30.329134166
0.54   14.3251084421   20.5362733085   29.965385031
0.56   14.1228910597   20.2869842348   29.7160356482
0.58   14.2361611204   20.3996167665   29.4156891388
0.6    14.2004835921   20.0798051473   29.3726381682
0.62   14.0264935343   20.0646456615   29.172526931
0.64   14.1619872262   19.8650260862   29.154073081
0.66   14.3175905428   19.9267621101   29.1282982287
0.68   14.1203757909   20.1612262768   29.2979659394
0.7    14.1868729325   20.1721383333   29.3879894991

0.8    15.1166764584   21.3084078996   31.3307976803
0.9    18.0749397793   25.3891578768   37.0923689107
1.0    26.6034818326   38.017326793    54.8409034736

